9.779740333557128906e+00 3.345263671875000000e+01 4.393774795532226562e+01
9.775260925292968750e+01 1.040945663452148438e+02 1.026065368652343750e+02
1.966328430175781250e+02 2.220110321044921875e+02 2.316013031005859375e+02
8.196225166320800781e+00 1.682361907958984375e+02 2.382436981201171875e+02
8.611844062805175781e+00 1.966446685791015625e+01 2.214600219726562500e+02
5.520650863647460938e+01 1.179404907226562500e+02 2.105939331054687500e+02
6.673659515380859375e+01 7.533663177490234375e+01 7.552897644042968750e+01
4.203691482543945312e+01 1.332980346679687500e+02 1.289669342041015625e+02
1.180281524658203125e+02 1.687767944335937500e+02 1.852920532226562500e+02
2.187264060974121094e+01 2.189570045471191406e+01 1.300505218505859375e+02
