5.794141387939453125e+01 1.251191787719726562e+02 2.172714080810546875e+02
9.765219116210937500e+01 1.034024047851562500e+02 9.972863769531250000e+01
9.503238677978515625e+00 3.329056549072265625e+01 4.257227706909179688e+01
1.990326538085937500e+02 2.238583831787109375e+02 2.327619781494140625e+02
7.796871185302734375e+00 1.884420585632324219e+01 2.219279174804687500e+02
5.309607315063476562e+01 1.419701995849609375e+02 1.338817749023437500e+02
6.488770294189453125e+01 7.594035339355468750e+01 7.526435852050781250e+01
7.830576419830322266e+00 1.678778228759765625e+02 2.382673950195312500e+02
1.243675613403320312e+02 1.715930633544921875e+02 1.892778167724609375e+02
5.107599258422851562e+01 6.896392059326171875e+01 1.536979522705078125e+02
1.651478385925292969e+01 1.359783458709716797e+01 1.227907714843750000e+02
