7.301642608642578125e+01 7.379700469970703125e+01 7.550335693359375000e+01
1.423114929199218750e+02 1.832279205322265625e+02 2.061535949707031250e+02
5.228406906127929688e+01 1.163526535034179688e+02 2.144025421142578125e+02
2.548418998718261719e+01 7.706539154052734375e+01 7.285748291015625000e+01
9.548939514160156250e+01 1.540180053710937500e+02 1.617447967529296875e+02
2.050054321289062500e+02 2.283264617919921875e+02 2.357154235839843750e+02
8.430618286132812500e+00 1.908821678161621094e+01 2.213701019287109375e+02
9.735453796386718750e+01 1.027304306030273438e+02 1.013394927978515625e+02
8.133521080017089844e+00 1.688220214843750000e+02 2.385448150634765625e+02
2.164340019226074219e+01 1.959184646606445312e+01 1.306099243164062500e+02
7.372237205505371094e+00 2.465416145324707031e+01 3.863362884521484375e+01
3.779458999633789062e+01 1.314378509521484375e+02 1.285981140136718750e+02
