9.730104064941406250e+01 1.034750289916992188e+02 1.009719161987304688e+02
2.078967285156250000e+02 2.304610748291015625e+02 2.372582702636718750e+02
4.268725585937500000e+01 8.165662384033203125e+01 1.733872985839843750e+02
7.078183746337890625e+01 1.364877471923828125e+02 2.268067779541015625e+02
7.312033843994140625e+01 7.362784576416015625e+01 7.551002502441406250e+01
9.980716705322265625e+01 1.556302337646484375e+02 1.640012512207031250e+02
7.406728744506835938e+00 2.544235610961914062e+01 3.796717834472656250e+01
3.890123748779296875e+01 1.391387786865234375e+02 1.282954254150390625e+02
1.503026885986328125e+02 1.886560974121093750e+02 2.077677307128906250e+02
7.596793651580810547e+00 1.650927581787109375e+02 2.369311065673828125e+02
2.599517059326171875e+01 7.881285095214843750e+01 7.471292877197265625e+01
1.842146682739257812e+01 1.384311389923095703e+01 1.253358306884765625e+02
7.467128276824951172e+00 1.867326545715332031e+01 2.231269378662109375e+02
