3.229150009155273438e+01 1.259810867309570312e+02 1.195337677001953125e+02
2.152071838378906250e+02 2.352482757568359375e+02 2.407118682861328125e+02
2.055069732666015625e+01 1.716898918151855469e+01 1.279191436767578125e+02
7.262259674072265625e+01 7.388301849365234375e+01 7.551513671875000000e+01
1.213107986450195312e+02 1.670745849609375000e+02 1.821555328369140625e+02
3.495349884033203125e+01 8.725769042968750000e+01 2.000663909912109375e+02
6.496607780456542969e+00 1.518283557891845703e+01 2.218471221923828125e+02
7.361559391021728516e+00 1.674818572998046875e+02 2.381592712402343750e+02
6.817156314849853516e+00 2.310546112060546875e+01 3.707944488525390625e+01
1.658040618896484375e+02 2.004336242675781250e+02 2.170501251220703125e+02
7.948896789550781250e+01 1.469209289550781250e+02 1.484325408935546875e+02
2.401498603820800781e+01 7.143098449707031250e+01 6.871047973632812500e+01
9.785171508789062500e+01 1.014620895385742188e+02 1.006912841796875000e+02
7.730294036865234375e+01 1.436623840332031250e+02 2.279040985107421875e+02
