9.949501037597656250e+01 9.900227355957031250e+01 9.886496734619140625e+01
7.278331756591796875e+01 1.382529449462890625e+02 2.281783599853515625e+02
2.109297485351562500e+02 2.324922027587890625e+02 2.386989746093750000e+02
7.303442001342773438e+00 1.820176696777343750e+01 2.230980987548828125e+02
5.861344814300537109e+00 1.981509780883789062e+01 3.430221176147460938e+01
1.575873413085937500e+02 1.941515197753906250e+02 2.125924987792968750e+02
3.502620697021484375e+01 1.554878234863281250e+02 1.468928222656250000e+02
7.492142677307128906e+00 1.655778503417968750e+02 2.372917480468750000e+02
8.169196319580078125e+01 1.336862182617187500e+02 1.262713623046875000e+02
1.878762626647949219e+01 1.441443729400634766e+01 1.261562805175781250e+02
4.182185363769531250e+01 8.397427368164062500e+01 1.803807067871093750e+02
3.419379043579101562e+01 1.048746719360351562e+02 9.730191040039062500e+01
7.276889801025390625e+01 7.268661499023437500e+01 7.480945587158203125e+01
1.097493591308593750e+02 1.616647338867187500e+02 1.746403503417968750e+02
2.061114120483398438e+01 6.116188812255859375e+01 6.145502090454101562e+01
