6.546727752685546875e+01 7.339987182617187500e+01 1.499042816162109375e+02
1.236808624267578125e+02 1.687363739013671875e+02 1.841153717041015625e+02
9.694489288330078125e+01 1.033236770629882812e+02 9.875579833984375000e+01
7.343421459197998047e+00 2.683669471740722656e+01 3.638720703125000000e+01
7.314980983734130859e+00 1.699033203125000000e+02 2.395012054443359375e+02
2.895236587524414062e+01 9.910159301757812500e+01 2.132883758544921875e+02
8.576856231689453125e+01 1.483278656005859375e+02 1.502458801269531250e+02
2.146100006103515625e+02 2.348760375976562500e+02 2.404523620605468750e+02
2.720961380004882812e+01 8.100546264648437500e+01 7.547145843505859375e+01
1.421972084045410156e+01 1.860802268981933594e+01 1.681264648437500000e+02
1.940946769714355469e+01 1.386242580413818359e+01 1.071355209350585938e+02
3.240029525756835938e+01 1.393609161376953125e+02 1.276150360107421875e+02
1.658310699462890625e+02 2.004815979003906250e+02 2.170727386474609375e+02
7.317317962646484375e+01 7.353211212158203125e+01 7.458261108398437500e+01
5.552144527435302734e+00 1.533649063110351562e+01 2.299400177001953125e+02
7.962315368652343750e+01 1.459596405029296875e+02 2.276940765380859375e+02
