7.948865509033203125e+01 1.454995117187500000e+02 2.281393127441406250e+02
8.550950622558593750e+01 1.408342285156250000e+02 1.426593475341796875e+02
7.309654998779296875e+01 7.345377349853515625e+01 7.445238494873046875e+01
1.668867950439453125e+02 2.009167480468750000e+02 2.173561859130859375e+02
5.836054801940917969e+00 1.655153656005859375e+01 2.303026428222656250e+02
1.852996063232421875e+01 1.389395904541015625e+01 1.070659713745117188e+02
5.804076194763183594e+00 2.146738815307617188e+01 3.290294647216796875e+01
9.887305450439453125e+01 1.017996215820312500e+02 9.813136291503906250e+01
2.157240600585937500e+02 2.355794982910156250e+02 2.409582672119140625e+02
8.242868804931640625e+01 5.971616363525390625e+01 1.482838439941406250e+02
2.189399147033691406e+01 6.537772369384765625e+01 6.277466583251953125e+01
3.181379318237304688e+01 1.556186828613281250e+02 1.449193878173828125e+02
1.197957534790039062e+02 1.694675292968750000e+02 1.825087432861328125e+02
3.303287124633789062e+01 9.810000610351562500e+01 2.047527923583984375e+02
7.289420127868652344e+00 1.689472503662109375e+02 2.390899200439453125e+02
1.476855468750000000e+01 2.033868789672851562e+01 1.675936279296875000e+02
3.806426620483398438e+01 1.081943740844726562e+02 1.023088226318359375e+02
