2.041841125488281250e+01 6.171067428588867188e+01 5.980982971191406250e+01
7.610736083984375000e+01 7.992042541503906250e+01 1.576657257080078125e+02
2.207551879882812500e+02 2.386128387451171875e+02 2.432700347900390625e+02
7.291477203369140625e+01 7.285380554199218750e+01 7.434429168701171875e+01
5.509312152862548828e+00 1.514619445800781250e+01 2.295171813964843750e+02
9.620133972167968750e+01 1.589572448730468750e+02 1.663701629638671875e+02
2.007004165649414062e+01 1.405312633514404297e+01 1.074076232910156250e+02
9.952742004394531250e+01 1.000193557739257812e+02 9.719082641601562500e+01
7.295336246490478516e+00 1.698097229003906250e+02 2.395026092529296875e+02
3.028023529052734375e+01 1.508413391113281250e+02 1.426799926757812500e+02
1.379817504882812500e+02 1.775976715087890625e+02 1.972800140380859375e+02
7.873194122314453125e+01 1.452654418945312500e+02 2.289937591552734375e+02
1.569858837127685547e+01 2.113244056701660156e+01 1.668033752441406250e+02
2.795674514770507812e+01 9.809445953369140625e+01 2.134560394287109375e+02
5.470745563507080078e+00 2.002624893188476562e+01 3.201367950439453125e+01
1.776338653564453125e+02 2.094644317626953125e+02 2.226079864501953125e+02
3.397628402709960938e+01 1.018698959350585938e+02 9.606711578369140625e+01
8.035881042480468750e+01 1.327051696777343750e+02 1.202381820678710938e+02
