1.354182147979736328e+01 1.760384941101074219e+01 1.641009674072265625e+02
7.897955322265625000e+01 1.311591796875000000e+02 1.189934921264648438e+02
2.203730773925781250e+02 2.383784942626953125e+02 2.430959777832031250e+02
7.293346881866455078e+00 1.693366241455078125e+02 2.392805328369140625e+02
2.702093505859375000e+01 9.412561035156250000e+01 2.158509216308593750e+02
7.330045318603515625e+01 7.270544433593750000e+01 7.405461120605468750e+01
1.835371017456054688e+01 5.825019836425781250e+01 5.728839111328125000e+01
1.768304901123046875e+02 2.087023773193359375e+02 2.222299194335937500e+02
6.663388061523437500e+01 7.421404266357421875e+01 1.534398803710937500e+02
9.975579071044921875e+01 9.996147155761718750e+01 9.718423461914062500e+01
1.362595825195312500e+02 1.778118896484375000e+02 1.966239776611328125e+02
3.999953842163085938e+01 9.231032562255859375e+01 8.770940399169921875e+01
5.350333213806152344e+00 1.401517963409423828e+01 2.287917480468750000e+02
2.029195976257324219e+01 1.439440441131591797e+01 1.047682647705078125e+02
3.661994552612304688e+01 1.568135681152343750e+02 1.531569671630859375e+02
5.116684913635253906e+00 1.874967575073242188e+01 3.066131591796875000e+01
7.826116943359375000e+01 1.443046722412109375e+02 2.287398529052734375e+02
1.994220542907714844e+01 1.255929107666015625e+02 1.092617568969726562e+02
9.805524444580078125e+01 1.550439453125000000e+02 1.653056335449218750e+02
