9.967711639404296875e+01 9.996811676025390625e+01 9.716066741943359375e+01
1.260550231933593750e+02 1.670665435791015625e+02 1.833774261474609375e+02
1.932049560546875000e+01 1.390483951568603516e+01 1.053263702392578125e+02
2.731891059875488281e+01 1.516753234863281250e+02 1.379748687744140625e+02
3.472916841506958008e+00 7.049609661102294922e+00 2.253582153320312500e+02
7.921325683593750000e+01 1.305942687988281250e+02 1.194751358032226562e+02
7.236350536346435547e+00 1.682903747558593750e+02 2.387775878906250000e+02
2.288388824462890625e+02 2.430258178710937500e+02 2.467700805664062500e+02
2.016739654541015625e+01 6.127702331542968750e+01 5.932392501831054688e+01
7.296473693847656250e+01 7.295712280273437500e+01 7.411464691162109375e+01
1.498871231079101562e+01 2.054388809204101562e+01 1.640111389160156250e+02
5.382934570312500000e+00 1.984403800964355469e+01 3.155340003967285156e+01
3.813201522827148438e+01 1.064334945678710938e+02 1.894381561279296875e+02
1.905095367431640625e+02 2.195243988037109375e+02 2.290807495117187500e+02
7.922317504882812500e+01 1.454483032226562500e+02 2.316999969482421875e+02
8.491277313232421875e+01 6.009106826782226562e+01 1.493973846435546875e+02
3.441365432739257812e+01 1.001123504638671875e+02 9.599550628662109375e+01
1.547065124511718750e+02 1.926669616699218750e+02 2.119510192871093750e+02
2.124754142761230469e+01 6.047213363647460938e+01 2.375393524169921875e+02
8.833861541748046875e+01 1.561876983642578125e+02 1.626016082763671875e+02
