2.787241935729980469e+01 1.521661529541015625e+02 1.374194641113281250e+02
9.958967590332031250e+01 9.994192504882812500e+01 9.720108032226562500e+01
2.214828186035156250e+02 2.390513610839843750e+02 2.436073150634765625e+02
4.985035419464111328e+00 1.325256156921386719e+01 2.296278381347656250e+02
1.894067764282226562e+01 5.840754699707031250e+01 5.833643722534179688e+01
1.061420669555664062e+02 1.706457519531250000e+02 2.367147521972656250e+02
3.501832962036132812e+01 1.016753082275390625e+02 8.794158172607421875e+01
1.414097137451171875e+02 1.781416778564453125e+02 1.951198577880859375e+02
9.645194244384765625e+01 6.221522903442382812e+01 1.559174499511718750e+02
6.528648376464843750e+01 1.239455642700195312e+02 1.702717895507812500e+02
1.459843444824218750e+01 1.813071441650390625e+01 1.700604095458984375e+02
8.045291900634765625e+01 1.322321624755859375e+02 1.186384277343750000e+02
2.396234321594238281e+01 8.947573852539062500e+01 2.189956207275390625e+02
7.303138732910156250e+01 7.274691009521484375e+01 7.421570587158203125e+01
1.790842132568359375e+02 2.106082153320312500e+02 2.230459289550781250e+02
1.894229316711425781e+01 1.187953186035156250e+01 1.078339080810546875e+02
6.817314147949218750e+01 1.345305480957031250e+02 2.278121643066406250e+02
5.163867950439453125e+00 1.875780296325683594e+01 3.095120429992675781e+01
9.910572814941406250e+01 1.631931762695312500e+02 1.664649353027343750e+02
7.006632328033447266e+00 1.690030975341796875e+02 2.390764923095703125e+02
3.421826553344726562e+01 7.720349121093750000e+01 1.372347412109375000e+02
