7.028917312622070312e+00 1.713177795410156250e+02 2.403892822265625000e+02
7.299448394775390625e+01 7.299544525146484375e+01 7.406797790527343750e+01
1.282288970947265625e+02 1.698279724121093750e+02 1.846190338134765625e+02
1.161078453063964844e+01 1.498513126373291016e+01 1.634503326416015625e+02
7.858950042724609375e+01 1.305523681640625000e+02 1.172957458496093750e+02
1.847053337097167969e+01 1.324134731292724609e+01 1.031643753051757812e+02
5.380530166625976562e+01 5.889432907104492188e+01 1.421070251464843750e+02
1.939170379638671875e+02 2.221939392089843750e+02 2.310936126708984375e+02
9.975173950195312500e+01 9.991204833984375000e+01 9.717467498779296875e+01
9.080611419677734375e+01 1.610673980712890625e+02 1.612703552246093750e+02
8.766651153564453125e+01 1.076268310546875000e+02 1.703239135742187500e+02
1.989331817626953125e+01 6.054496383666992188e+01 5.910071182250976562e+01
5.297077178955078125e+00 1.969803619384765625e+01 3.113052368164062500e+01
2.340667343139648438e+01 1.102238922119140625e+02 2.014281921386718750e+02
1.604759063720703125e+02 1.957117462158203125e+02 2.117103424072265625e+02
1.058461532592773438e+02 1.704996185302734375e+02 2.370553894042968750e+02
3.372027206420898438e+01 1.021844940185546875e+02 9.156501007080078125e+01
3.375912904739379883e+00 6.863497734069824219e+00 2.256628723144531250e+02
2.822879791259765625e+01 1.506542053222656250e+02 1.393680877685546875e+02
6.756366729736328125e+01 1.349027557373046875e+02 2.266611175537109375e+02
2.116467285156250000e+01 5.747119140625000000e+01 2.357513427734375000e+02
2.319145507812500000e+02 2.445952606201171875e+02 2.479382019042968750e+02
