2.225269165039062500e+02 2.396435241699218750e+02 2.440967712402343750e+02
6.394559097290039062e+01 1.184082183837890625e+02 1.074606857299804688e+02
7.544069766998291016e+00 9.724456787109375000e+00 1.500520324707031250e+02
7.182890415191650391e+00 1.677491912841796875e+02 2.383959197998046875e+02
1.025971450805664062e+02 1.668262176513671875e+02 1.722617645263671875e+02
4.800580978393554688e+00 1.002424335479736328e+01 2.243886718750000000e+02
4.659068107604980469e+00 1.795985794067382812e+01 2.808996009826660156e+01
6.783232116699218750e+01 6.840582275390625000e+01 6.991297912597656250e+01
1.432947692871093750e+02 1.829269866943359375e+02 2.018737945556640625e+02
2.725254631042480469e+01 1.514585266113281250e+02 1.378978424072265625e+02
2.189995574951171875e+01 8.352175903320312500e+01 2.302097320556640625e+02
3.398461151123046875e+01 6.257203292846679688e+01 1.666422729492187500e+02
5.918036651611328125e+01 1.208721466064453125e+02 1.818796234130859375e+02
1.027789764404296875e+02 1.028802719116210938e+02 9.968408966064453125e+01
8.412825012207031250e+01 8.372162628173828125e+01 8.354946136474609375e+01
1.749781990051269531e+01 5.662559890747070312e+01 5.471624755859375000e+01
1.814828033447265625e+02 2.123015136718750000e+02 2.243745269775390625e+02
1.264948806762695312e+02 9.100767517089843750e+01 1.768030700683593750e+02
2.819113731384277344e+01 9.464251708984375000e+01 8.722660827636718750e+01
8.884598541259765625e+01 1.413429412841796875e+02 1.351022491455078125e+02
1.408672618865966797e+01 1.634758949279785156e+01 9.136428833007812500e+01
6.576115417480468750e+01 3.212339782714843750e+01 1.267144241333007812e+02
8.045900726318359375e+01 1.481017303466796875e+02 2.340175628662109375e+02
