1.364567565917968750e+02 1.431610717773437500e+02 1.791806488037109375e+02
3.343537092208862305e+00 6.844272136688232422e+00 2.258766326904296875e+02
6.769559478759765625e+01 6.761525726318359375e+01 6.948702239990234375e+01
2.256568908691406250e+02 2.413301696777343750e+02 2.454460601806640625e+02
7.081006050109863281e+00 1.710510559082031250e+02 2.402784118652343750e+02
1.794824409484863281e+01 1.283515262603759766e+01 1.043817214965820312e+02
8.764593505859375000e+01 1.393568725585937500e+02 1.442808380126953125e+02
1.474107360839843750e+02 1.895644073486328125e+02 2.073187866210937500e+02
1.025474395751953125e+02 1.025842361450195312e+02 9.940956115722656250e+01
1.243029499053955078e+01 1.575427913665771484e+01 1.647418823242187500e+02
3.470044708251953125e+01 1.153011016845703125e+02 2.083641967773437500e+02
4.515165805816650391e+00 1.620778656005859375e+01 2.829482841491699219e+01
1.461946773529052734e+01 5.052458572387695312e+01 5.263265609741210938e+01
1.001439208984375000e+02 1.719497985839843750e+02 1.755064239501953125e+02
8.420110321044921875e+01 4.944853210449218750e+01 1.409077301025390625e+02
8.248606872558593750e+01 1.482223815917968750e+02 2.321726531982421875e+02
1.862626953125000000e+02 2.159193420410156250e+02 2.266497039794921875e+02
3.293473434448242188e+01 1.585178527832031250e+02 1.484464263916015625e+02
2.064809226989746094e+01 5.758401107788085938e+01 2.366812591552734375e+02
6.773632049560546875e+01 1.214290695190429688e+02 1.067101516723632812e+02
3.209110641479492188e+01 8.359997558593750000e+01 7.856304931640625000e+01
3.883627700805664062e+01 8.028181457519531250e+01 1.542845001220703125e+02
8.314143371582031250e+01 8.286845397949218750e+01 8.274830627441406250e+01
1.873170661926269531e+01 1.236833877563476562e+02 1.050267105102539062e+02
