3.556234598159790039e+00 6.861546039581298828e+00 2.240174407958984375e+02
1.024714126586914062e+02 1.024406051635742188e+02 9.929448699951171875e+01
1.488064727783203125e+02 1.867845458984375000e+02 2.062363891601562500e+02
1.423451137542724609e+01 4.986419296264648438e+01 5.138898468017578125e+01
1.083448410034179688e+02 1.674587402343750000e+02 1.740649108886718750e+02
1.842722892761230469e+01 1.245946197509765625e+02 1.102207183837890625e+02
6.771542358398437500e+01 6.777670288085937500e+01 6.936302185058593750e+01
7.176422595977783203e+00 1.730057525634765625e+02 2.412655487060546875e+02
8.116612434387207031e+00 1.003844738006591797e+01 1.536204223632812500e+02
2.688677215576171875e+01 1.167266769409179688e+02 2.133565521240234375e+02
2.263507080078125000e+02 2.417113952636718750e+02 2.457447509765625000e+02
1.867241821289062500e+02 2.165515136718750000e+02 2.270249786376953125e+02
5.639297866821289062e+01 5.133118820190429688e+01 1.300897064208984375e+02
2.976468467712402344e+01 8.245208740234375000e+01 7.668392181396484375e+01
6.915423583984375000e+01 1.264602584838867188e+02 1.646074676513671875e+02
1.750046539306640625e+01 1.333778285980224609e+01 9.804780578613281250e+01
1.246819000244140625e+02 8.803351593017578125e+01 1.749372253417968750e+02
6.190536880493164062e+01 1.145436325073242188e+02 1.034596481323242188e+02
8.233121490478515625e+01 1.488991851806640625e+02 2.324641876220703125e+02
1.706653022766113281e+01 5.788017272949218750e+01 2.438672637939453125e+02
3.564798355102539062e+01 1.624647674560546875e+02 1.498001708984375000e+02
9.147975921630859375e+01 1.411822509765625000e+02 1.271700286865234375e+02
4.366074562072753906e+00 1.593198013305664062e+01 2.742273902893066406e+01
3.439383316040039062e+01 5.685698699951171875e+01 1.811274566650390625e+02
8.340882873535156250e+01 8.269335937500000000e+01 8.257700347900390625e+01
