2.291179656982421875e+02 2.432068328857421875e+02 2.469047393798828125e+02
8.941421508789062500e+01 1.391258239746093750e+02 1.281053771972656250e+02
4.131411075592041016e+00 8.652445793151855469e+00 2.247636413574218750e+02
6.188991165161132812e+01 1.140970535278320312e+02 1.026795120239257812e+02
9.024094390869140625e+01 1.617684020996093750e+02 1.679726104736328125e+02
1.524162387847900391e+01 1.487851047515869141e+01 9.377901458740234375e+01
1.912606506347656250e+02 2.201603546142578125e+02 2.295940246582031250e+02
1.801947784423828125e+01 7.729951477050781250e+01 2.314196777343750000e+02
6.771663665771484375e+01 6.777142333984375000e+01 6.935236358642578125e+01
6.716814517974853516e+00 1.673498535156250000e+02 2.383327178955078125e+02
1.024775772094726562e+02 1.024342193603515625e+02 9.930715942382812500e+01
7.114388465881347656e+00 9.193884849548339844e+00 1.503618621826171875e+02
3.164361190795898438e+01 5.263305282592773438e+01 1.755451507568359375e+02
1.579419403076171875e+02 1.938016967773437500e+02 2.113011779785156250e+02
1.768639183044433594e+01 1.242714385986328125e+02 1.066442260742187500e+02
5.483358764648437500e+01 1.093312988281250000e+02 1.637267150878906250e+02
8.343106842041015625e+01 8.265990447998046875e+01 8.261679077148437500e+01
1.271975097656250000e+02 1.716369018554687500e+02 1.832602233886718750e+02
6.694895172119140625e+01 3.579643249511718750e+01 1.289114379882812500e+02
4.395019054412841797e+00 1.648486709594726562e+01 2.731327438354492188e+01
5.970439529418945312e+01 1.284361572265625000e+02 2.222319946289062500e+02
3.177333450317382812e+01 1.594213867187500000e+02 1.473471221923828125e+02
9.675381469726562500e+01 1.638460540771484375e+02 2.369348754882812500e+02
1.489177227020263672e+01 5.169556427001953125e+01 5.167857360839843750e+01
3.038386917114257812e+01 8.202124023437500000e+01 8.045224761962890625e+01
1.282979125976562500e+02 9.328943634033203125e+01 1.786101684570312500e+02
