1.140460433959960938e+02 1.790565948486328125e+02 1.852416229248046875e+02
6.761451721191406250e+01 6.773931884765625000e+01 6.943191528320312500e+01
1.761876869201660156e+01 5.805274963378906250e+01 2.424682769775390625e+02
7.897500514984130859e+00 9.401186943054199219e+00 1.506545562744140625e+02
1.880667877197265625e+01 1.245995025634765625e+02 1.057326202392578125e+02
1.813764801025390625e+02 2.125777893066406250e+02 2.244413604736328125e+02
5.959143066406250000e+01 1.127726287841796875e+02 1.594175262451171875e+02
5.034685611724853516e+00 1.896288108825683594e+01 2.998143959045410156e+01
7.194244384765625000e+00 1.747801361083984375e+02 2.420805358886718750e+02
1.023273086547851562e+02 1.024020690917968750e+02 9.929743957519531250e+01
2.091507263183593750e+02 2.325048370361328125e+02 2.387882537841796875e+02
3.599925041198730469e+00 6.863767147064208984e+00 2.233175811767578125e+02
1.933478546142578125e+01 1.578291606903076172e+01 9.771475982666015625e+01
8.000978088378906250e+01 4.710412216186523438e+01 1.382337493896484375e+02
8.335607147216796875e+01 8.293292999267578125e+01 8.275598144531250000e+01
8.955068206787109375e+01 1.575235748291015625e+02 1.595716400146484375e+02
9.965790557861328125e+01 1.658408355712890625e+02 2.386402587890625000e+02
1.528998851776123047e+01 1.199640426635742188e+02 2.135279083251953125e+02
3.074105453491210938e+01 1.595727386474609375e+02 1.474788055419921875e+02
4.070200729370117188e+01 9.238382720947265625e+01 9.013011932373046875e+01
1.811735916137695312e+01 5.920426177978515625e+01 5.716334915161132812e+01
6.584588623046875000e+01 1.303066101074218750e+02 2.234078063964843750e+02
1.533840332031250000e+02 1.893494720458984375e+02 2.065827484130859375e+02
3.253380584716796875e+01 5.511108016967773438e+01 1.753517913818359375e+02
1.342250976562500000e+02 1.390470581054687500e+02 1.760987854003906250e+02
8.047304534912109375e+01 1.318578796386718750e+02 1.156122512817382812e+02
2.464351501464843750e+02 2.516271209716796875e+02 2.528274078369140625e+02
