3.392606735229492188e+01 5.045587158203125000e+01 1.833457031250000000e+02
8.324159240722656250e+01 1.749391021728515625e+02 1.713854217529296875e+02
6.673066711425781250e+01 6.678515625000000000e+01 6.844191741943359375e+01
1.663070526123046875e+02 2.001928710937500000e+02 2.171725158691406250e+02
9.232704162597656250e+01 9.422968292236328125e+01 9.228336334228515625e+01
2.405727577209472656e+01 1.170508117675781250e+02 2.157311859130859375e+02
3.771116256713867188e+01 8.233229827880859375e+01 1.338541564941406250e+02
1.245540523529052734e+01 1.582532882690429688e+01 8.970721435546875000e+01
2.005184936523437500e+02 2.267284240722656250e+02 2.343694610595703125e+02
7.275021553039550781e+00 1.737754516601562500e+02 2.415915985107421875e+02
8.350269317626953125e+01 1.486837005615234375e+02 2.342701721191406250e+02
1.681256484985351562e+01 5.752258300781250000e+01 2.440231018066406250e+02
2.814718055725097656e+01 1.555713958740234375e+02 1.437091369628906250e+02
7.750051116943359375e+01 1.317262573242187500e+02 1.179879989624023438e+02
4.217407703399658203e+00 1.593752384185791016e+01 2.624549674987792969e+01
7.922975158691406250e+01 8.000703430175781250e+01 7.996063995361328125e+01
3.055545425415039062e+01 8.080002593994140625e+01 7.488436126708984375e+01
1.199982147216796875e+02 8.175326538085937500e+01 1.705743103027343750e+02
6.096103668212890625e+01 2.437695503234863281e+01 1.220043258666992188e+02
3.493125200271606445e+00 6.674000263214111328e+00 2.230435180664062500e+02
1.074686584472656250e+02 1.519989166259765625e+02 1.572440185546875000e+02
6.688494110107421875e+01 1.233292083740234375e+02 1.749184875488281250e+02
1.337620849609375000e+02 1.766333618164062500e+02 1.931088256835937500e+02
2.397805786132812500e+02 2.486546478271484375e+02 2.507932586669921875e+02
1.395404243469238281e+01 5.004251861572265625e+01 5.018812942504882812e+01
2.801285171508789062e+01 1.189919204711914062e+02 9.867964172363281250e+01
1.055711898803710938e+02 1.058033676147460938e+02 1.021177139282226562e+02
6.951664447784423828e+00 9.266288757324218750e+00 1.482310485839843750e+02
