1.027630157470703125e+02 1.027255477905273438e+02 9.955014801025390625e+01
1.924672546386718750e+02 2.212841339111328125e+02 2.303367919921875000e+02
9.033835411071777344e+00 1.177953910827636719e+01 1.807731933593750000e+02
1.404783153533935547e+01 4.996400451660156250e+01 5.094552230834960938e+01
9.800653457641601562e+00 1.881723632812500000e+02 2.473666687011718750e+02
6.682376098632812500e+01 1.204407043457031250e+02 1.640200347900390625e+02
2.723368263244628906e+01 7.658216857910156250e+01 1.215550689697265625e+02
3.127080917358398438e+01 1.585516052246093750e+02 1.473950958251953125e+02
9.080314636230468750e+00 8.077545166015625000e+00 1.328466033935546875e+02
3.108623886108398438e+01 8.252400207519531250e+01 7.270862579345703125e+01
8.237806701660156250e+01 1.471407623291015625e+02 2.328139190673828125e+02
8.386680603027343750e+01 8.311431884765625000e+01 8.301333618164062500e+01
6.241205215454101562e+01 1.149595260620117188e+02 1.023100128173828125e+02
1.614295349121093750e+02 1.943432769775390625e+02 2.128697204589843750e+02
2.300111541748046875e+02 2.436396179199218750e+02 2.472605895996093750e+02
2.046521568298339844e+01 1.511156940460205078e+01 9.028426361083984375e+01
6.787554931640625000e+01 6.783731842041015625e+01 6.954697418212890625e+01
1.763249588012695312e+01 1.265766983032226562e+02 1.043693313598632812e+02
1.231422500610351562e+02 1.837181854248046875e+02 1.953968353271484375e+02
9.076309204101562500e+01 1.399711303710937500e+02 1.260036163330078125e+02
5.599003791809082031e+00 1.492672576904296875e+02 2.301432037353515625e+02
3.628031539916992188e+01 5.761269760131835938e+01 1.810187225341796875e+02
1.627600669860839844e+01 5.707810974121093750e+01 2.437166442871093750e+02
1.359989624023437500e+02 1.421416778564453125e+02 1.777708892822265625e+02
4.239530563354492188e+00 1.602025985717773438e+01 2.670734977722167969e+01
8.122384643554687500e+01 4.657508850097656250e+01 1.387651214599609375e+02
9.223257446289062500e+01 1.655439758300781250e+02 1.675244750976562500e+02
3.192057132720947266e+00 6.824837207794189453e+00 2.286204833984375000e+02
3.494429779052734375e+01 1.105557098388671875e+02 2.126607818603515625e+02
