6.879553985595703125e+01 6.875845336914062500e+01 7.024328613281250000e+01
1.893732910156250000e+02 2.187803497314453125e+02 2.286381835937500000e+02
3.216686248779296875e+01 1.606268615722656250e+02 1.490398864746093750e+02
3.261492967605590820e+00 7.074058055877685547e+00 2.288968353271484375e+02
1.030483245849609375e+02 1.031302566528320312e+02 9.990425872802734375e+01
1.236059646606445312e+02 1.711909179687500000e+02 1.831798858642578125e+02
6.082204055786132812e+01 2.363060379028320312e+01 1.211745834350585938e+02
1.277213478088378906e+01 4.742287063598632812e+01 4.743984222412109375e+01
1.201937942504882812e+02 8.262392425537109375e+01 1.705054626464843750e+02
9.144092559814453125e+00 1.871700286865234375e+02 2.469553375244140625e+02
1.565306243896484375e+02 1.917382965087890625e+02 2.089001159667968750e+02
3.253139877319335938e+01 7.547030639648437500e+01 1.278633117675781250e+02
6.240961074829101562e+00 8.099867820739746094e+00 1.315260162353515625e+02
3.918673515319824219e+00 1.501334762573242188e+01 2.468749237060546875e+01
6.745919799804687500e+01 1.212601165771484375e+02 1.603732299804687500e+02
9.339282989501953125e+01 1.596074371337890625e+02 1.606470336914062500e+02
2.278675994873046875e+02 2.425060882568359375e+02 2.463593139648437500e+02
2.669378852844238281e+01 1.042381210327148438e+02 1.995237426757812500e+02
1.047676773071289062e+02 1.681555328369140625e+02 2.375345916748046875e+02
5.807008266448974609e+00 1.479976043701171875e+02 2.296753387451171875e+02
8.330814361572265625e+01 1.348452453613281250e+02 1.176153106689453125e+02
8.554974365234375000e+01 8.451097106933593750e+01 8.432425689697265625e+01
1.900982475280761719e+01 1.270587081909179688e+02 1.064250259399414062e+02
3.749300003051757812e+01 5.039740753173828125e+01 1.817511138916015625e+02
2.680059814453125000e+01 7.695324707031250000e+01 7.039119720458984375e+01
5.534352111816406250e+01 1.056177978515625000e+02 9.436344909667968750e+01
6.716723632812500000e+01 1.338780059814453125e+02 2.262519989013671875e+02
7.923013687133789062e+00 1.033571624755859375e+01 1.807698669433593750e+02
1.722106361389160156e+01 5.909210968017578125e+01 2.439986114501953125e+02
1.315152168273925781e+01 1.706995010375976562e+01 8.231551361083984375e+01
