1.229533996582031250e+02 1.866137542724609375e+02 2.000104217529296875e+02
6.669356536865234375e+01 6.676702880859375000e+01 6.847825622558593750e+01
3.269898605346679688e+01 1.103538970947265625e+02 2.059826202392578125e+02
1.060353927612304688e+02 1.064674835205078125e+02 1.026801605224609375e+02
1.480660057067871094e+01 1.683618354797363281e+01 8.436183929443359375e+01
1.965555114746093750e+02 2.241216125488281250e+02 2.324022369384765625e+02
7.719844341278076172e+00 1.001361846923828125e+01 1.822609710693359375e+02
7.118611145019531250e+01 1.704512329101562500e+02 1.670177764892578125e+02
9.989330291748046875e+00 1.882759399414062500e+02 2.473850097656250000e+02
9.483646392822265625e+01 9.445044708251953125e+01 9.275325012207031250e+01
3.055042648315429688e+01 7.954300689697265625e+01 1.268562850952148438e+02
1.641316223144531250e+01 5.539831161499023438e+01 5.371823883056640625e+01
2.805348587036132812e+01 1.539560699462890625e+02 1.450358123779296875e+02
8.036119079589843750e+01 1.441155242919921875e+02 2.336972045898437500e+02
8.155487823486328125e+01 1.055795745849609375e+02 1.689587402343750000e+02
4.500805377960205078e+00 1.783950805664062500e+01 2.726139068603515625e+01
1.076593780517578125e+02 1.589192504882812500e+02 1.698641052246093750e+02
1.647220306396484375e+02 1.990760498046875000e+02 2.153326110839843750e+02
6.717581176757812500e+01 3.032496070861816406e+01 1.270871276855468750e+02
1.692112731933593750e+01 1.259211349487304688e+02 1.021603088378906250e+02
3.589233016967773438e+01 8.865539550781250000e+01 7.833508300781250000e+01
6.706111145019531250e+01 1.220157699584960938e+02 1.082480545043945312e+02
1.490834197998046875e+02 1.533152160644531250e+02 1.881277770996093750e+02
8.019087219238281250e+01 7.972627258300781250e+01 8.000739288330078125e+01
3.474400329589843750e+01 5.144791412353515625e+01 1.810394439697265625e+02
2.340106964111328125e+02 2.456650085449218750e+02 2.487664794921875000e+02
3.221655607223510742e+00 7.046340465545654297e+00 2.292214965820312500e+02
9.169178009033203125e+01 1.419840240478515625e+02 1.327022552490234375e+02
1.733321762084960938e+01 5.893425750732421875e+01 2.438477478027343750e+02
6.657273292541503906e+00 8.251029968261718750e+00 1.324498138427734375e+02
5.706530570983886719e+00 1.493464508056640625e+02 2.303199615478515625e+02
