9.715275573730468750e+01 1.475989074707031250e+02 1.464539184570312500e+02
5.072314071655273438e+01 1.014385604858398438e+02 8.945220947265625000e+01
3.018723249435424805e+00 7.146382808685302734e+00 2.319096069335937500e+02
2.299099884033203125e+02 2.435973815917968750e+02 2.472250366210937500e+02
6.776296997070312500e+01 6.779214477539062500e+01 6.941331481933593750e+01
1.431789398193359375e+01 1.219718093872070312e+02 2.155184173583984375e+02
1.024452514648437500e+02 1.024765396118164062e+02 9.930570220947265625e+01
1.159362983703613281e+01 4.530903625488281250e+01 4.529022216796875000e+01
4.986422538757324219e+00 6.535327911376953125e+00 1.205192565917968750e+02
3.627557373046875000e+01 5.877024841308593750e+01 1.844846649169921875e+02
7.361656188964843750e+00 1.756181793212890625e+02 2.424628295898437500e+02
1.337563629150390625e+02 1.705217590332031250e+02 1.853485565185546875e+02
3.272835540771484375e+01 1.603036956787109375e+02 1.484805755615234375e+02
6.664169311523437500e+01 1.327022399902343750e+02 2.281243286132812500e+02
1.923057250976562500e+02 2.209877777099609375e+02 2.301725921630859375e+02
7.536536407470703125e+01 1.292079162597656250e+02 1.149004211425781250e+02
2.500501441955566406e+01 7.341952514648437500e+01 6.734767913818359375e+01
1.722776412963867188e+01 5.923648452758789062e+01 2.438099060058593750e+02
1.811335754394531250e+01 1.274827499389648438e+02 1.059415969848632812e+02
2.719238853454589844e+01 7.707161712646484375e+01 1.236793518066406250e+02
8.358799743652343750e+01 8.264411163330078125e+01 8.258034515380859375e+01
1.091302967071533203e+01 1.467025184631347656e+01 1.569803314208984375e+02
1.042052307128906250e+02 1.687268829345703125e+02 2.382524414062500000e+02
1.594020843505859375e+02 1.960113830566406250e+02 2.119566345214843750e+02
3.713923454284667969e+00 1.430249214172363281e+01 2.324936676025390625e+01
1.145978069305419922e+01 1.817934417724609375e+01 7.621385192871093750e+01
6.694259643554687500e+00 8.863939285278320312e+00 1.961953735351562500e+02
9.413133239746093750e+01 1.726755676269531250e+02 1.769593353271484375e+02
1.327647857666015625e+02 9.930217742919921875e+01 1.837429809570312500e+02
5.171747970581054688e+01 1.630087852478027344e+01 1.127362365722656250e+02
6.153600692749023438e+01 1.181294860839843750e+02 1.699195404052734375e+02
8.260642242431640625e+01 5.458985900878906250e+01 1.412394561767578125e+02
