8.543365478515625000e+00 1.951767349243164062e+01 2.215245361328125000e+02
1.966323394775390625e+02 2.220057678222656250e+02 2.315874328613281250e+02
9.777536773681640625e+01 1.040642395019531250e+02 1.025976104736328125e+02
5.470100402832031250e+01 1.173601989746093750e+02 2.102065582275390625e+02
1.178606643676757812e+02 1.687072906494140625e+02 1.854379882812500000e+02
8.231882095336914062e+00 1.683677825927734375e+02 2.382982330322265625e+02
4.202886199951171875e+01 1.332894287109375000e+02 1.286646118164062500e+02
9.768270492553710938e+00 3.342298126220703125e+01 4.392199707031250000e+01
6.673979187011718750e+01 7.529453277587890625e+01 7.552565002441406250e+01
2.182266616821289062e+01 2.178443336486816406e+01 1.300773773193359375e+02
