1.440889587402343750e+02 1.845474853515625000e+02 2.074356994628906250e+02
7.133632659912109375e+01 7.256648254394531250e+01 7.441596221923828125e+01
9.727005767822265625e+01 1.027810363769531250e+02 1.011632003784179688e+02
1.008203697204589844e+01 2.228984832763671875e+01 2.211758575439453125e+02
2.057831878662109375e+02 2.288890686035156250e+02 2.360976562500000000e+02
2.929461097717285156e+01 1.499094390869140625e+02 2.339865417480468750e+02
9.862608909606933594e+00 3.254352951049804688e+01 4.331431579589843750e+01
3.266822433471679688e+01 1.027117156982421875e+02 9.297535705566406250e+01
2.128283119201660156e+01 1.906317329406738281e+01 1.299931640625000000e+02
9.868519592285156250e+01 1.545025634765625000e+02 1.643183593750000000e+02
4.313027954101562500e+01 1.291315155029296875e+02 1.549511718750000000e+02
