9.689830780029296875e+01 1.018040084838867188e+02 9.999293518066406250e+01
9.547543525695800781e+00 3.327651977539062500e+01 4.298586654663085938e+01
3.415330123901367188e+01 1.321474609375000000e+02 1.203884124755859375e+02
1.918922424316406250e+01 1.702352714538574219e+01 1.256529235839843750e+02
7.304058837890625000e+01 1.389004211425781250e+02 2.278874206542968750e+02
4.209629440307617188e+01 8.664968872070312500e+01 1.784117279052734375e+02
7.597750186920166016e+00 1.859495925903320312e+01 2.227765808105468750e+02
9.679088592529296875e+01 1.547022399902343750e+02 1.614940795898437500e+02
7.579809188842773438e+00 1.657884216308593750e+02 2.371633758544921875e+02
1.490199279785156250e+02 1.874941558837890625e+02 2.063862762451171875e+02
2.073027343750000000e+02 2.300336456298828125e+02 2.369616546630859375e+02
6.604418945312500000e+01 7.437593078613281250e+01 7.493117523193359375e+01
