5.978087425231933594e+00 1.753168296813964844e+01 2.278329467773437500e+02
2.930255317687988281e+01 3.976148986816406250e+01 1.679627990722656250e+02
1.772244644165039062e+01 1.247761821746826172e+01 1.130640258789062500e+02
7.338735198974609375e+01 7.299592590332031250e+01 7.505312347412109375e+01
7.867308139801025391e+00 1.680867767333984375e+02 2.383356933593750000e+02
1.062132415771484375e+02 1.594876403808593750e+02 1.708615417480468750e+02
2.106546783447265625e+02 2.322915649414062500e+02 2.385394897460937500e+02
8.376980781555175781e+00 2.933811187744140625e+01 3.869591140747070312e+01
1.551283874511718750e+02 1.925925140380859375e+02 2.127099761962890625e+02
4.683232879638671875e+01 1.382453460693359375e+02 1.373775482177734375e+02
5.672340393066406250e+01 1.231475372314453125e+02 2.193591156005859375e+02
2.915374374389648438e+01 8.770092773437500000e+01 8.207384490966796875e+01
9.749952697753906250e+01 1.034324264526367188e+02 1.014599533081054688e+02
