6.846736145019531250e+01 1.335872192382812500e+02 2.264486694335937500e+02
1.172010345458984375e+02 1.648243103027343750e+02 1.796807098388671875e+02
1.628050994873046875e+02 1.982594146728515625e+02 2.159552001953125000e+02
3.288332366943359375e+01 1.179027709960937500e+02 1.064059982299804688e+02
7.698132991790771484e+00 1.640920715332031250e+02 2.363607482910156250e+02
2.204541969299316406e+01 6.531598663330078125e+01 6.468248748779296875e+01
2.137734680175781250e+02 2.343299713134765625e+02 2.400443878173828125e+02
9.819458770751953125e+01 1.028196487426757812e+02 9.944483947753906250e+01
4.930017471313476562e+01 7.546226501464843750e+01 1.671741485595703125e+02
7.639441967010498047e+00 1.913552665710449219e+01 2.229759368896484375e+02
1.761007881164550781e+01 1.332048130035400391e+01 1.248320846557617188e+02
6.175926208496093750e+00 2.112061691284179688e+01 3.505637741088867188e+01
6.901100158691406250e+01 1.487994689941406250e+02 1.462601623535156250e+02
7.256822204589843750e+01 7.362949371337890625e+01 7.521427154541015625e+01
