2.889583015441894531e+01 1.004636611938476562e+02 2.138561706542968750e+02
8.062363433837890625e+01 1.467744140625000000e+02 2.274271850585937500e+02
5.566895008087158203e+00 1.540778160095214844e+01 2.299795684814453125e+02
3.749079132080078125e+01 1.395229949951171875e+02 1.283812255859375000e+02
9.696426391601562500e+01 1.043743820190429688e+02 9.944800567626953125e+01
6.697711181640625000e+01 7.895609283447265625e+01 1.517701721191406250e+02
7.297049713134765625e+01 7.384859466552734375e+01 7.488184356689453125e+01
1.511418247222900391e+01 2.006977844238281250e+01 1.687776794433593750e+02
1.524768218994140625e+02 1.896272583007812500e+02 2.076996154785156250e+02
7.333233356475830078e+00 1.701672210693359375e+02 2.396284637451171875e+02
1.975965690612792969e+01 1.391698074340820312e+01 1.081264724731445312e+02
9.975151824951171875e+01 1.568486785888671875e+02 1.637483520507812500e+02
6.944054126739501953e+00 2.548425674438476562e+01 3.566615295410156250e+01
2.565069580078125000e+01 7.850294494628906250e+01 7.355455780029296875e+01
2.085200805664062500e+02 2.308996734619140625e+02 2.375911865234375000e+02
