1.126504669189453125e+02 1.655865020751953125e+02 1.838564605712890625e+02
1.605430297851562500e+02 1.961052398681640625e+02 2.146621856689453125e+02
3.764965057373046875e+01 1.104920425415039062e+02 9.861782073974609375e+01
6.212831974029541016e+00 2.127487373352050781e+01 3.514753341674804688e+01
2.083658409118652344e+01 6.439910888671875000e+01 6.393973541259765625e+01
6.689685821533203125e+01 6.782391357421875000e+01 7.029351043701171875e+01
8.554354858398437500e+01 1.393434448242187500e+02 1.384708099365234375e+02
5.539346313476562500e+01 6.724745178222656250e+01 1.581177215576171875e+02
7.878139972686767578e+00 1.692216186523437500e+02 2.390457916259765625e+02
8.296774291992187500e+01 8.301556396484375000e+01 8.297180938720703125e+01
7.412100315093994141e+00 1.798884201049804688e+01 2.221415863037109375e+02
1.632995986938476562e+01 1.244887733459472656e+01 1.243447036743164062e+02
5.274087905883789062e+01 1.223743667602539062e+02 2.210698699951171875e+02
2.121085357666015625e+02 2.332393341064453125e+02 2.392357330322265625e+02
3.173285675048828125e+01 1.538656768798828125e+02 1.457987670898437500e+02
1.009154739379882812e+02 1.035754318237304688e+02 9.990936279296875000e+01
