9.997524261474609375e+01 9.991420745849609375e+01 9.731694030761718750e+01
7.281303405761718750e+01 7.292301940917968750e+01 7.432891082763671875e+01
1.657387542724609375e+01 1.271556377410888672e+01 1.232475051879882812e+02
2.689125823974609375e+01 9.677381134033203125e+01 2.165399780273437500e+02
2.745139884948730469e+01 1.469066009521484375e+02 1.371554412841796875e+02
2.288900451660156250e+02 2.430471343994140625e+02 2.467816162109375000e+02
1.907212524414062500e+02 2.198323211669921875e+02 2.292546539306640625e+02
1.564665527343750000e+02 1.921172637939453125e+02 2.123883361816406250e+02
2.735220527648925781e+01 8.382468414306640625e+01 7.798371887207031250e+01
5.816676330566406250e+01 6.702185058593750000e+01 1.538140563964843750e+02
1.235763931274414062e+02 1.714348449707031250e+02 1.852588958740234375e+02
7.340539932250976562e+00 1.699115905761718750e+02 2.395067901611328125e+02
9.100099182128906250e+01 1.495579681396484375e+02 1.603360900878906250e+02
8.098903656005859375e+00 2.767677688598632812e+01 3.906359863281250000e+01
7.821739959716796875e+01 1.444811248779296875e+02 2.285619354248046875e+02
7.366122436523437500e+01 1.266915664672851562e+02 1.140283432006835938e+02
6.832485675811767578e+00 1.438668632507324219e+01 2.200998077392578125e+02
