1.521994628906250000e+02 1.854854278564453125e+02 2.024068145751953125e+02
6.575472259521484375e+01 1.324066619873046875e+02 2.172713165283203125e+02
1.100114364624023438e+02 1.754145202636718750e+02 2.299004516601562500e+02
2.124073219299316406e+01 7.515501403808593750e+01 2.280307464599609375e+02
8.073956298828125000e+01 1.351668243408203125e+02 1.285769805908203125e+02
7.472499847412109375e+00 2.591678619384765625e+01 3.788313293457031250e+01
7.043892860412597656e+00 1.670720825195312500e+02 2.380333862304687500e+02
2.739300537109375000e+01 1.452779846191406250e+02 1.311886138916015625e+02
3.981018447875976562e+01 7.912955474853515625e+01 1.551250457763671875e+02
9.785301208496093750e+01 1.008010177612304688e+02 9.737296295166015625e+01
1.750765037536621094e+01 1.266990661621093750e+01 1.225192947387695312e+02
5.852414131164550781e+00 1.002755069732666016e+01 2.168067474365234375e+02
2.668594932556152344e+01 8.038735198974609375e+01 7.471730804443359375e+01
1.041218185424804688e+02 1.644541015625000000e+02 1.710256500244140625e+02
1.874925384521484375e+02 2.174612274169921875e+02 2.278383483886718750e+02
1.040188827514648438e+02 6.664076995849609375e+01 1.588819732666015625e+02
2.273715820312500000e+02 2.422243347167968750e+02 2.461280670166015625e+02
7.267528533935546875e+01 7.313458251953125000e+01 7.467987823486328125e+01
