1.785436630249023438e+01 1.130517673492431641e+01 1.111588973999023438e+02
8.041580200195312500e+01 1.327363891601562500e+02 1.266911239624023438e+02
3.258943796157836914e+00 1.352998352050781250e+01 2.072589492797851562e+01
9.937155151367187500e+01 1.001733245849609375e+02 9.724156951904296875e+01
8.064353179931640625e+01 1.482584838867187500e+02 2.295126953125000000e+02
1.349158668518066406e+01 1.748109245300292969e+01 1.732110595703125000e+02
7.175695896148681641e+00 1.693995056152343750e+02 2.393570251464843750e+02
2.468032073974609375e+01 6.898426055908203125e+01 6.568444824218750000e+01
1.565940856933593750e+02 1.929745941162109375e+02 2.106470031738281250e+02
5.047334289550781250e+01 6.384254074096679688e+01 1.407502899169921875e+02
2.101131896972656250e+02 2.319671173095703125e+02 2.383375091552734375e+02
1.225124359130859375e+02 8.750000000000000000e+01 1.741118621826171875e+02
9.942877769470214844e+00 3.364012908935546875e+01 4.915613555908203125e+01
7.308815765380859375e+01 7.305633544921875000e+01 7.416297149658203125e+01
1.050347595214843750e+02 1.638204345703125000e+02 1.718857269287109375e+02
3.509854888916015625e+01 1.082206726074218750e+02 9.490089416503906250e+01
3.384610748291015625e+01 1.009828338623046875e+02 2.089044799804687500e+02
3.166661262512207031e+01 1.529375457763671875e+02 1.444603729248046875e+02
5.764343261718750000e+00 1.669573783874511719e+01 2.313600921630859375e+02
