6.916506290435791016e+00 2.564380455017089844e+01 3.534925460815429688e+01
2.722929000854492188e+01 1.135422592163085938e+02 2.100165405273437500e+02
7.281737804412841797e+00 1.724304199218750000e+02 2.408724060058593750e+02
1.417387695312500000e+02 1.814478149414062500e+02 2.005724945068359375e+02
2.127902603149414062e+01 5.746467971801757812e+01 2.357445373535156250e+02
1.321599864959716797e+01 1.618026733398437500e+01 1.654270019531250000e+02
7.274436187744140625e+01 7.343549346923828125e+01 7.434624481201171875e+01
1.001045150756835938e+02 9.993849182128906250e+01 9.725723266601562500e+01
4.463652420043945312e+01 6.807501220703125000e+01 1.389130401611328125e+02
3.316078901290893555e+00 6.820973396301269531e+00 2.259739837646484375e+02
2.539998435974121094e+01 7.855374145507812500e+01 7.196269226074218750e+01
7.022624969482421875e+01 1.306875915527343750e+02 1.621445007324218750e+02
2.230980377197265625e+02 2.399716339111328125e+02 2.443647918701171875e+02
7.398654174804687500e+01 1.264244766235351562e+02 1.110238952636718750e+02
8.194184112548828125e+01 1.480456848144531250e+02 2.318431854248046875e+02
1.125517959594726562e+02 7.735159301757812500e+01 1.688730163574218750e+02
1.815762176513671875e+02 2.124194030761718750e+02 2.244257659912109375e+02
2.459816169738769531e+01 1.460027618408203125e+02 1.311941375732421875e+02
1.015181198120117188e+02 1.638329315185546875e+02 1.651779327392578125e+02
1.934258270263671875e+01 1.293256282806396484e+01 1.048265914916992188e+02
