8.370957183837890625e+01 1.500242004394531250e+02 2.305542144775390625e+02
4.650022029876708984e+00 1.850200080871582031e+01 2.773354148864746094e+01
1.998900413513183594e+01 5.885289764404296875e+01 2.390740051269531250e+02
3.169768333435058594e+00 6.838329315185546875e+00 2.277624664306640625e+02
1.636300201416015625e+02 1.980784912109375000e+02 2.150072784423828125e+02
9.825213623046875000e+01 1.020016632080078125e+02 9.827638244628906250e+01
6.389137268066406250e+00 8.834505081176757812e+00 1.316705017089843750e+02
8.349942016601562500e+01 1.417687377929687500e+02 1.404204406738281250e+02
7.353990936279296875e+01 7.320774078369140625e+01 7.421996307373046875e+01
1.553782081604003906e+01 2.033798789978027344e+01 1.793609161376953125e+02
3.602983856201171875e+01 9.908807373046875000e+01 8.910707092285156250e+01
1.230945587158203125e+02 8.942072296142578125e+01 1.756817626953125000e+02
4.304042053222656250e+01 8.366686248779296875e+01 1.533709716796875000e+02
1.886295127868652344e+01 5.879422378540039062e+01 5.582848739624023438e+01
3.237002182006835938e+01 1.175449371337890625e+02 2.099767303466796875e+02
2.134467468261718750e+02 2.341427917480468750e+02 2.398922424316406250e+02
7.150713443756103516e+00 1.722074737548828125e+02 2.408128967285156250e+02
1.387433338165283203e+01 1.916874122619628906e+01 8.425528717041015625e+01
6.288306045532226562e+01 2.683122634887695312e+01 1.237424163818359375e+02
2.830440711975097656e+01 1.487718811035156250e+02 1.340999755859375000e+02
1.145472030639648438e+02 1.703793792724609375e+02 1.789492645263671875e+02
