8.198660278320312500e+01 1.330883178710937500e+02 1.162988052368164062e+02
1.531919002532958984e+01 1.779961395263671875e+01 8.494541931152343750e+01
1.871303749084472656e+01 5.864833450317382812e+01 2.422636718750000000e+02
1.771143798828125000e+02 2.089777069091796875e+02 2.224065093994140625e+02
2.202900695800781250e+02 2.382995452880859375e+02 2.430305938720703125e+02
1.192011413574218750e+02 8.291805267333984375e+01 1.717260742187500000e+02
7.922911071777343750e+01 1.463316955566406250e+02 2.312956237792968750e+02
7.302426910400390625e+01 7.305091857910156250e+01 7.400614929199218750e+01
1.379852752685546875e+02 1.791307373046875000e+02 1.974909057617187500e+02
9.960398864746093750e+01 9.988481140136718750e+01 9.721234130859375000e+01
9.847500610351562500e+01 1.628371429443359375e+02 1.661422882080078125e+02
7.242379188537597656e+00 1.698365325927734375e+02 2.395820465087890625e+02
3.211343765258789062e+00 6.793787002563476562e+00 2.270249481201171875e+02
2.954384994506835938e+01 1.044006347656250000e+02 2.025350189208984375e+02
5.029748439788818359e+00 2.020588684082031250e+01 2.896881866455078125e+01
5.334214401245117188e+01 4.215687179565429688e+01 1.293819122314453125e+02
6.574623107910156250e+01 1.209965057373046875e+02 1.593854370117187500e+02
1.773580551147460938e+01 2.410534858703613281e+01 1.794088897705078125e+02
2.802692413330078125e+01 1.529403839111328125e+02 1.391307678222656250e+02
3.458481979370117188e+01 1.025833206176757812e+02 9.404792785644531250e+01
2.060844802856445312e+01 6.226218414306640625e+01 5.872472381591796875e+01
6.412950992584228516e+00 7.725902080535888672e+00 1.325881042480468750e+02
