1.001301727294921875e+02 9.987799835205078125e+01 9.719067382812500000e+01
7.329988861083984375e+01 7.289991760253906250e+01 7.391781616210937500e+01
1.560467815399169922e+01 1.346491813659667969e+01 1.013013458251953125e+02
3.545348358154296875e+01 7.269179534912109375e+01 1.620428466796875000e+02
3.223188781738281250e+01 1.560935821533203125e+02 1.496811218261718750e+02
7.217148303985595703e+00 1.711467895507812500e+02 2.402227325439453125e+02
2.634697532653808594e+01 1.033779220581054688e+02 2.213194274902343750e+02
8.592336273193359375e+01 1.690924682617187500e+02 1.697260131835937500e+02
1.260470428466796875e+02 1.637562713623046875e+02 1.797218475341796875e+02
7.333802032470703125e+01 3.919913101196289062e+01 1.321204833984375000e+02
1.754999923706054688e+01 5.591164398193359375e+01 5.527489471435546875e+01
2.254132232666015625e+02 2.412395172119140625e+02 2.453884429931640625e+02
3.405915069580078125e+01 8.782331085205078125e+01 8.318377685546875000e+01
8.446234130859375000e+01 1.120037918090820312e+02 1.748455657958984375e+02
1.822579002380371094e+01 1.269591751098632812e+02 1.078018417358398438e+02
1.864838714599609375e+02 2.161396636962890625e+02 2.266647491455078125e+02
8.109707641601562500e+01 1.482906494140625000e+02 2.322004699707031250e+02
9.229919433593750000e+01 1.414443664550781250e+02 1.325699920654296875e+02
6.608369445800781250e+01 1.192778396606445312e+02 1.076648025512695312e+02
4.897720336914062500e+00 1.816094970703125000e+01 2.971208953857421875e+01
5.878473758697509766e+00 1.543886280059814453e+01 2.292896575927734375e+02
1.495203857421875000e+02 1.900513763427734375e+02 2.095370483398437500e+02
1.021780681610107422e+01 1.319505310058593750e+01 1.634636383056640625e+02
