1.778817596435546875e+02 2.093776245117187500e+02 2.227945098876953125e+02
3.414792776107788086e+00 1.401235389709472656e+01 2.198353004455566406e+01
9.910977935791015625e+01 1.634331054687500000e+02 1.671732177734375000e+02
8.320412445068359375e+01 1.342185668945312500e+02 1.220992355346679688e+02
9.951586151123046875e+01 1.000333175659179688e+02 9.721679687500000000e+01
7.229377746582031250e+00 1.712677307128906250e+02 2.402195587158203125e+02
2.948567771911621094e+01 1.551610870361328125e+02 1.418643951416015625e+02
3.580496215820312500e+01 5.583794021606445312e+01 1.841463623046875000e+02
1.334633026123046875e+02 1.026229553222656250e+02 1.842302246093750000e+02
7.314110565185546875e+01 7.309799957275390625e+01 7.407507324218750000e+01
4.930407333374023438e+01 1.611531257629394531e+01 1.092647781372070312e+02
6.236500549316406250e+01 1.211724777221679688e+02 1.733259582519531250e+02
8.932238578796386719e+00 1.180440711975097656e+01 1.697746887207031250e+02
6.294900417327880859e+00 9.714097976684570312e+00 1.120288696289062500e+02
3.879789733886718750e+01 1.127952346801757812e+02 9.478852844238281250e+01
8.214170837402343750e+01 5.377460861206054688e+01 1.409928741455078125e+02
1.073306369781494141e+01 3.603623580932617188e+01 5.026139450073242188e+01
2.529355621337890625e+01 1.039436187744140625e+02 2.234097137451171875e+02
2.748769760131835938e+01 7.918302154541015625e+01 1.243657760620117188e+02
2.205455780029296875e+02 2.384982452392578125e+02 2.431875152587890625e+02
1.387353668212890625e+02 1.810709991455078125e+02 1.974653778076171875e+02
8.239456176757812500e+01 1.499238433837890625e+02 2.329228515625000000e+02
2.595848846435546875e+01 7.229790496826171875e+01 6.626732635498046875e+01
4.890419006347656250e+00 1.469110774993896484e+01 2.310310974121093750e+02
