1.375276374816894531e+01 1.766859245300292969e+01 1.891173400878906250e+02
1.121307449340820312e+02 7.692687225341796875e+01 1.664925231933593750e+02
8.230871200561523438e+00 1.107413291931152344e+01 1.483444519042968750e+02
7.187200546264648438e+00 1.699226684570312500e+02 2.396801605224609375e+02
4.586202621459960938e+00 2.013621902465820312e+01 2.580144691467285156e+01
3.053142309188842773e+00 7.090110778808593750e+00 2.300683898925781250e+02
8.383341217041015625e+01 8.409156799316406250e+01 8.385015106201171875e+01
1.429339752197265625e+02 1.629568328857421875e+02 1.862441864013671875e+02
3.954183959960937500e+01 7.532728576660156250e+01 1.508553619384765625e+02
7.840788841247558594e+00 1.295526981353759766e+01 1.081197891235351562e+02
1.022637863159179688e+02 1.029771881103515625e+02 9.960794830322265625e+01
1.181043624877929688e+01 2.241611671447753906e+01 6.431044006347656250e+01
9.529557037353515625e+01 1.615183715820312500e+02 1.680495910644531250e+02
3.735833740234375000e+01 1.145307388305664062e+02 2.010501861572265625e+02
8.029773712158203125e+01 1.456998596191406250e+02 2.324754638671875000e+02
1.384450073242187500e+02 1.928791046142578125e+02 2.099915466308593750e+02
2.023626518249511719e+01 6.062894058227539062e+01 2.395836029052734375e+02
5.801558685302734375e+01 2.222896957397460938e+01 1.183442611694335938e+02
8.060436248779296875e+01 1.330690917968750000e+02 1.240543365478515625e+02
6.774825286865234375e+01 6.859300231933593750e+01 7.002825927734375000e+01
3.488842010498046875e+01 1.061074676513671875e+02 9.347478485107421875e+01
2.918498802185058594e+01 1.534152526855468750e+02 1.409813232421875000e+02
2.239846801757812500e+02 2.405009918212890625e+02 2.447868957519531250e+02
2.064317321777343750e+01 6.449736785888671875e+01 6.009968185424804688e+01
1.838594207763671875e+02 2.132587585449218750e+02 2.246969909667968750e+02
