1.185105743408203125e+02 1.790765380859375000e+02 2.406824798583984375e+02
1.582432403564453125e+02 1.601108093261718750e+02 1.966229705810546875e+02
7.129400253295898438e+00 1.726437377929687500e+02 2.410702362060546875e+02
7.384060668945312500e+01 1.306239471435546875e+02 1.787774047851562500e+02
1.978701019287109375e+02 2.251171875000000000e+02 2.333026428222656250e+02
1.685276641845703125e+02 2.030116729736328125e+02 2.152278289794921875e+02
7.291146087646484375e+01 7.333820343017578125e+01 7.415438079833984375e+01
7.319559574127197266e+00 2.753135108947753906e+01 3.525513076782226562e+01
2.473663139343261719e+01 1.145227355957031250e+02 2.127521820068359375e+02
1.205262756347656250e+02 8.602189636230468750e+01 1.749350280761718750e+02
1.274848861694335938e+02 1.871536254882812500e+02 1.957084503173828125e+02
7.080970001220703125e+01 4.014108657836914062e+01 1.317641296386718750e+02
2.345479011535644531e+01 1.466596984863281250e+02 1.297731933593750000e+02
1.908730316162109375e+01 1.815233230590820312e+01 9.377158355712890625e+01
9.965167236328125000e+01 9.990732574462890625e+01 9.715178680419921875e+01
7.607847595214843750e+01 1.421405487060546875e+02 2.333989257812500000e+02
3.170188331604003906e+01 4.906583404541015625e+01 1.779596405029296875e+02
1.159719009399414062e+02 1.577550048828125000e+02 1.659853820800781250e+02
4.362538528442382812e+01 9.927439880371093750e+01 1.374790039062500000e+02
2.756390762329101562e+01 8.234804534912109375e+01 7.483518218994140625e+01
7.917021942138671875e+01 1.308533477783203125e+02 1.154753036499023438e+02
7.733126831054687500e+01 1.683777923583984375e+02 1.613562622070312500e+02
6.942965507507324219e+00 8.446023941040039062e+00 1.444384765625000000e+02
1.698526573181152344e+01 5.672527694702148438e+01 2.431064147949218750e+02
3.517701625823974609e+00 6.593409061431884766e+00 2.219983978271484375e+02
2.345346832275390625e+02 2.459262695312500000e+02 2.488714141845703125e+02
