2.723555946350097656e+01 1.039104919433593750e+02 8.554501342773437500e+01
1.046597213745117188e+02 1.665785827636718750e+02 1.722656402587890625e+02
7.223122596740722656e+00 1.712435302734375000e+02 2.402176666259765625e+02
4.899041652679443359e+00 1.528985404968261719e+01 2.329210205078125000e+02
1.230445194244384766e+01 5.006225585937500000e+01 4.728560638427734375e+01
1.191467857360839844e+01 1.757098007202148438e+01 8.460761260986328125e+01
2.251011199951171875e+02 2.410542297363281250e+02 2.452148590087890625e+02
1.851638336181640625e+02 2.151523132324218750e+02 2.261858978271484375e+02
1.373509368896484375e+02 1.095271072387695312e+02 1.880335235595703125e+02
3.585128402709960938e+01 5.506793975830078125e+01 1.831506042480468750e+02
2.804628610610961914e+00 1.048574924468994141e+01 1.614250946044921875e+01
6.483196735382080078e+00 2.329979515075683594e+01 3.938299179077148438e+01
6.109208106994628906e+00 8.075844764709472656e+00 1.321892852783203125e+02
5.970791244506835938e+01 1.193084945678710938e+02 1.056121978759765625e+02
8.154292106628417969e+00 1.056279945373535156e+01 1.825814361572265625e+02
2.761360549926757812e+01 7.979971313476562500e+01 1.270518188476562500e+02
6.255318069458007812e+01 1.215102462768554688e+02 1.755512542724609375e+02
2.974821281433105469e+01 6.862757110595703125e+01 6.595929718017578125e+01
2.476770210266113281e+01 1.033657150268554688e+02 2.234116973876953125e+02
8.909146118164062500e+01 1.393257751464843750e+02 1.303830413818359375e+02
8.148044586181640625e+01 1.494176330566406250e+02 2.329854125976562500e+02
5.325549697875976562e+01 1.749450683593750000e+01 1.147452926635742188e+02
8.630174255371093750e+01 5.771720504760742188e+01 1.439117126464843750e+02
7.351274108886718750e+01 7.332743072509765625e+01 7.429928588867187500e+01
1.461539154052734375e+02 1.866154632568359375e+02 2.045113830566406250e+02
2.991370582580566406e+01 1.559714202880859375e+02 1.425342712402343750e+02
9.994486236572265625e+01 9.999295806884765625e+01 9.723531341552734375e+01
