1.339839172363281250e+02 1.006186828613281250e+02 1.841814727783203125e+02
6.737252044677734375e+01 6.794395446777343750e+01 6.954042053222656250e+01
7.641291809082031250e+01 1.434300384521484375e+02 2.307269897460937500e+02
5.041290760040283203e+00 1.983422088623046875e+01 2.911147499084472656e+01
2.052941131591796875e+01 1.183086318969726562e+02 2.158653259277343750e+02
1.718957328796386719e+01 5.811949920654296875e+01 2.439681701660156250e+02
7.685709381103515625e+01 1.298568725585937500e+02 1.164431991577148438e+02
8.316883087158203125e+01 8.301956939697265625e+01 8.286821746826171875e+01
6.778438568115234375e+01 1.729935302734375000e+02 1.637556915283203125e+02
6.215755844116210938e+01 1.175318984985351562e+02 1.722549743652343750e+02
6.977147579193115234e+00 9.226217269897460938e+00 1.491608428955078125e+02
3.513048887252807617e+00 6.754830360412597656e+00 2.233777923583984375e+02
5.207919692993164062e+01 1.656200027465820312e+01 1.136427993774414062e+02
1.027699508666992188e+02 1.510459289550781250e+02 1.561794281005859375e+02
2.779855728149414062e+01 7.904412078857421875e+01 1.238776397705078125e+02
3.346849822998046875e+01 5.133670425415039062e+01 1.828471069335937500e+02
1.029278469085693359e+01 1.504094600677490234e+01 8.856230926513671875e+01
8.297178649902343750e+01 5.499193954467773438e+01 1.414926910400390625e+02
7.443947792053222656e+00 1.745909576416015625e+02 2.419920959472656250e+02
1.240875244140625000e+02 1.748952178955078125e+02 1.857904205322265625e+02
1.024200973510742188e+02 1.024807968139648438e+02 9.930819702148437500e+01
1.921831665039062500e+02 2.209179840087890625e+02 2.302061614990234375e+02
3.589399337768554688e+01 1.028108901977539062e+02 8.628810882568359375e+01
1.916250228881835938e+01 6.066002655029296875e+01 5.785804367065429688e+01
2.369288444519042969e+01 1.472592315673828125e+02 1.331284637451171875e+02
2.298937530517578125e+02 2.435844726562500000e+02 2.472122955322265625e+02
1.603337249755859375e+02 1.962938537597656250e+02 2.087987976074218750e+02
1.319131011962890625e+02 1.746952972412109375e+02 2.375809783935546875e+02
