2.695346260070800781e+01 1.530738983154296875e+02 1.387950439453125000e+02
1.587935161590576172e+01 5.703860473632812500e+01 2.441020202636718750e+02
6.045257186889648438e+01 1.237789840698242188e+02 2.314075317382812500e+02
6.713893890380859375e+01 6.798774719238281250e+01 6.967279052734375000e+01
1.958279113769531250e+02 2.239461059570312500e+02 2.322620697021484375e+02
1.312216033935546875e+02 1.904774627685546875e+02 2.010402984619140625e+02
7.299230194091796875e+01 1.309911651611328125e+02 1.833250579833984375e+02
5.899635314941406250e+00 1.483089141845703125e+02 2.295383300781250000e+02
9.554334259033203125e+01 1.608171386718750000e+02 2.370062103271484375e+02
1.357232818603515625e+02 1.547788848876953125e+02 1.808871612548828125e+02
7.783123970031738281e+00 8.801896095275878906e+00 1.496225738525390625e+02
2.450284767150878906e+01 1.015533828735351562e+02 1.950608520507812500e+02
1.852738952636718750e+01 5.903804016113281250e+01 5.742736816406250000e+01
8.305009460449218750e+01 8.297784423828125000e+01 8.285185241699218750e+01
1.025618362426757812e+02 1.024552078247070312e+02 9.930152130126953125e+01
9.156724929809570312e+00 1.874584808349609375e+02 2.471456146240234375e+02
9.080606079101562500e+01 1.722916717529296875e+02 1.711734771728515625e+02
9.719463348388671875e+01 5.850716400146484375e+01 1.515802154541015625e+02
3.328593063354492188e+01 6.609889984130859375e+01 1.247484359741210938e+02
3.489756774902343750e+01 4.516485214233398438e+01 1.825854644775390625e+02
3.009559631347656250e+01 1.023731689453125000e+02 8.769758605957031250e+01
7.199208831787109375e+01 1.259103317260742188e+02 1.055048141479492188e+02
5.064402580261230469e+00 1.907907295227050781e+01 3.017663002014160156e+01
2.329705963134765625e+02 2.450950622558593750e+02 2.483209533691406250e+02
9.677254486083984375e+01 1.452927703857421875e+02 1.390379638671875000e+02
1.680507812500000000e+02 1.975677185058593750e+02 2.150298156738281250e+02
2.187417411804199219e+01 1.324189949035644531e+01 9.791160583496093750e+01
3.415252208709716797e+00 6.578034400939941406e+00 2.234108276367187500e+02
5.960924148559570312e+01 1.147611007690429688e+02 1.405583648681640625e+02
