1.639789390563964844e+01 1.173575210571289062e+02 2.125079040527343750e+02
1.664007759094238281e+01 1.202994842529296875e+02 1.005006866455078125e+02
1.034240722656250000e+02 1.681060180664062500e+02 2.383878021240234375e+02
1.001453628540039062e+02 9.973814392089843750e+01 9.708129119873046875e+01
6.624546051025390625e+01 1.239715576171875000e+02 1.851116943359375000e+02
1.324532928466796875e+02 1.855812225341796875e+02 1.959760589599609375e+02
6.715052032470703125e+01 1.317687377929687500e+02 2.330077819824218750e+02
5.500991439819335938e+01 1.746002807617187500e+02 1.601595306396484375e+02
2.296821136474609375e+02 2.434135742187500000e+02 2.470258636474609375e+02
1.325878448486328125e+02 1.524948730468750000e+02 1.735516204833984375e+02
8.863201141357421875e+01 1.465603942871093750e+02 1.519907226562500000e+02
1.093997669219970703e+01 1.315602684020996094e+01 9.892073822021484375e+01
7.150102138519287109e+00 1.738836059570312500e+02 2.416833038330078125e+02
2.427376556396484375e+01 1.504798126220703125e+02 1.403459930419921875e+02
3.426489830017089844e+00 6.836555957794189453e+00 2.254128417968750000e+02
3.502658081054687500e+01 6.436366271972656250e+01 1.598949737548828125e+02
1.643101959228515625e+02 1.951979522705078125e+02 2.130521087646484375e+02
9.030532836914062500e+01 1.376464385986328125e+02 1.182500457763671875e+02
3.075088500976562500e+01 8.039907836914062500e+01 7.721929931640625000e+01
1.963235282897949219e+01 5.698759841918945312e+01 2.378041992187500000e+02
7.331358337402343750e+01 7.286773681640625000e+01 7.389340209960937500e+01
6.046781921386718750e+01 2.488321113586425781e+01 1.211751861572265625e+02
5.867434692382812500e+01 1.099092483520507812e+02 1.383537597656250000e+02
9.452272415161132812e+00 1.239432907104492188e+01 1.615399780273437500e+02
9.915814971923828125e+01 1.723331909179687500e+02 1.772462921142578125e+02
4.491172790527343750e+00 1.647690773010253906e+01 2.786004829406738281e+01
6.105854415893554688e+01 1.124654541015625000e+02 9.722481536865234375e+01
1.493555259704589844e+01 5.094991302490234375e+01 5.193135070800781250e+01
1.162905349731445312e+02 7.631258392333984375e+01 1.668988342285156250e+02
1.922987823486328125e+02 2.213073425292968750e+02 2.304113464355468750e+02
