6.031478881835937500e+00 1.671872711181640625e+02 2.385146484375000000e+02
1.389195556640625000e+02 1.834602355957031250e+02 2.442675323486328125e+02
5.085812568664550781e+00 1.886834716796875000e+01 3.012052154541015625e+01
7.719844055175781250e+01 1.823873443603515625e+02 2.206724395751953125e+02
1.671122894287109375e+02 1.454208068847656250e+02 2.110449218750000000e+02
2.193232917785644531e+01 1.441462554931640625e+02 1.306902160644531250e+02
5.702473068237304688e+01 1.258572692871093750e+02 2.238548889160156250e+02
8.271446228027343750e+00 1.306629562377929688e+01 1.014115219116210938e+02
3.296137619018554688e+01 6.852942657470703125e+01 1.557165069580078125e+02
1.860395507812500000e+02 2.167674407958984375e+02 2.270136260986328125e+02
1.887944984436035156e+01 5.792961502075195312e+01 5.701820755004882812e+01
5.075983047485351562e+01 1.669275283813476562e+01 1.114336929321289062e+02
4.492294788360595703e+00 1.007753944396972656e+01 2.273987426757812500e+02
2.472731323242187500e+02 2.519325714111328125e+02 2.531151275634765625e+02
9.035198211669921875e+01 1.496338195800781250e+02 2.399487915039062500e+02
1.001227188110351562e+02 9.990847778320312500e+01 9.717251586914062500e+01
5.854878234863281250e+01 1.701305847167968750e+02 1.581203765869140625e+02
1.635036010742187500e+02 1.975399780273437500e+02 2.086977233886718750e+02
1.285633697509765625e+02 1.894945983886718750e+02 1.987792968750000000e+02
1.001047439575195312e+02 1.650846099853515625e+02 1.745708618164062500e+02
1.045611286163330078e+01 1.348542881011962891e+01 1.645223388671875000e+02
6.155992507934570312e+01 1.173359603881835938e+02 1.710814971923828125e+02
7.318672180175781250e+01 7.299341583251953125e+01 7.399475097656250000e+01
1.259912033081054688e+02 9.024274444580078125e+01 1.774406280517578125e+02
1.355268249511718750e+02 1.615827178955078125e+02 1.755691680908203125e+02
8.150000000000000000e+01 5.316365432739257812e+01 1.390796966552734375e+02
3.158060836791992188e+01 9.551972198486328125e+01 8.650568389892578125e+01
9.510400390625000000e+01 1.423488464355468750e+02 1.357763519287109375e+02
2.111844635009765625e+02 2.339079437255859375e+02 2.398428802490234375e+02
6.821276092529296875e+01 1.220736465454101562e+02 1.089026947021484375e+02
2.019868469238281250e+01 7.831024169921875000e+01 2.267156066894531250e+02
