7.962022781372070312e+00 1.808584747314453125e+02 2.447304077148437500e+02
1.557786712646484375e+02 1.889301910400390625e+02 2.069205932617187500e+02
3.683468246459960938e+01 1.007682113647460938e+02 2.186595611572265625e+02
1.290915393829345703e+01 3.306638717651367188e+01 2.377232666015625000e+02
5.176074981689453125e+01 1.646442604064941406e+01 1.126985931396484375e+02
1.477961540222167969e+01 6.274279403686523438e+01 2.460005340576171875e+02
6.164114475250244141e+00 8.125831604003906250e+00 1.970409393310546875e+02
1.357474975585937500e+02 1.028183212280273438e+02 1.859068450927734375e+02
2.466191864013671875e+02 2.516759796142578125e+02 2.528826904296875000e+02
1.142837905883789062e+01 2.009847831726074219e+01 7.351924896240234375e+01
2.618701171875000000e+01 1.521643524169921875e+02 1.379807586669921875e+02
4.895585060119628906e+00 2.058362770080566406e+01 2.756429290771484375e+01
3.540241241455078125e+01 5.707880401611328125e+01 1.823742370605468750e+02
1.817610626220703125e+02 2.131746368408203125e+02 2.248187255859375000e+02
8.372641754150390625e+01 5.526812362670898438e+01 1.419970245361328125e+02
6.848252868652343750e+01 1.372432708740234375e+02 2.231824493408203125e+02
2.554221534729003906e+01 7.517499542236328125e+01 1.208197479248046875e+02
7.304730987548828125e+01 7.304145812988281250e+01 7.403708648681640625e+01
1.018097763061523438e+02 1.660696868896484375e+02 2.403992767333984375e+02
1.169808654785156250e+02 1.828239440917968750e+02 1.909636230468750000e+02
2.137247657775878906e+01 6.377986526489257812e+01 5.877590560913085938e+01
2.093936004638671875e+02 2.326784820556640625e+02 2.388980712890625000e+02
9.963349914550781250e+01 9.993531799316406250e+01 9.716653442382812500e+01
6.596350193023681641e+00 1.382233276367187500e+02 2.228385467529296875e+02
1.068767356872558594e+01 1.439820861816406250e+01 1.582384948730468750e+02
8.232023620605468750e+01 1.329422454833984375e+02 1.183794631958007812e+02
2.245173692703247070e+00 4.821428298950195312e+00 2.313748931884765625e+02
6.063953399658203125e+01 1.166472854614257812e+02 1.642134094238281250e+02
1.216789550781250000e+02 1.564547882080078125e+02 1.663869476318359375e+02
3.737688064575195312e+01 1.072095870971679688e+02 9.082730865478515625e+01
5.065281391143798828e+00 6.355982303619384766e+00 1.204625701904296875e+02
8.179564666748046875e+01 1.620983734130859375e+02 1.631644744873046875e+02
